612 3 0
613 3 1
613 3 1
613 3 1
613 3 1
613 3 1
613 3 1
613 3 1
613 3 1
613 3 1
613 3 1
613 3 1
613 3 1
613 3 1
613 4 0
614 5 0
614 6 0
614 7 0
615 3 2
616 4 1
617 5 1
618 6 1
620 4 2
622 5 2
624 6 2
624 8 0
624 9 0
624 10 0
625 3 2
626 8 1
627 9 1
628 8 1
628 7 0
629 7 1
631 9 2
633 8 2
635 7 2
639 4 3
643 5 3
647 6 3
647 11 0
647 12 0
647 13 0
648 3 2
649 11 1
650 12 1
651 11 1
651 10 0
652 10 1
654 12 2
656 11 2
658 10 2
662 9 3
666 8 3
670 7 3
670 3 2
670 13 0
671 13 1
673 13 2
677 12 3
681 11 3
685 10 3
689 13 3
697 4 4
705 5 4
713 6 4
721 9 4
729 8 4
737 7 4
745 12 4
753 11 4
761 10 4
769 13 4
784 5 3
784 4 4
792 6 3
792 5 4
800 9 3
800 6 4
808 8 3
808 9 4
816 7 3
816 8 4
824 12 3
824 7 4
832 11 3
832 12 4
840 10 3
840 11 4
848 13 3
848 10 4
856 13 4
871 5 3
871 4 4
879 6 3
879 5 4
887 9 3
887 6 4
895 8 3
895 9 4
903 7 3
903 8 4
911 12 3
911 7 4
919 11 3
919 12 4
927 10 3
927 11 4
935 13 3
935 10 4
943 13 4
958 5 3
958 4 4
966 6 3
966 5 4
974 9 3
974 6 4
982 8 3
982 9 4
990 7 3
990 8 4
998 12 3
998 7 4
1006 11 3
1006 12 4
1014 10 3
1014 11 4
1022 13 3
1022 10 4
1030 13 4
1045 5 3
1045 4 4
1053 6 3
1053 5 4
1061 9 3
1061 6 4
1069 8 3
1069 9 4
1077 7 3
1077 8 4
1085 12 3
1085 7 4
1093 11 3
1093 12 4
1101 10 3
1101 11 4
1109 13 3
1109 10 4
1117 13 4
1132 5 3
1132 4 4
1140 6 3
1140 5 4
1148 9 3
1148 6 4
1156 8 3
1156 9 4
1164 7 3
1164 8 4
1172 12 3
1172 7 4
1180 11 3
1180 12 4
1188 10 3
1188 11 4
1196 13 3
1196 10 4
1204 13 4
1209 3 2
1209 3 2
1226 5 4
1235 9 3
1235 6 4
1243 8 3
1243 9 4
1251 7 3
1251 8 4
1259 12 3
1259 7 4
1267 11 3
1267 12 4
1275 10 3
1275 11 4
1283 13 3
1283 10 4
1291 13 4
1307 5 4
1322 9 3
1322 6 4
1330 8 3
1330 9 4
1338 7 3
1338 8 4
1346 12 3
1346 7 4
1354 11 3
1354 12 4
1362 10 3
1362 11 4
1370 13 3
1370 10 4
1378 13 4
1387 3 2
1387 3 2
1403 6 4
1417 8 3
1417 9 4
1425 7 3
1425 8 4
1433 12 3
1433 7 4
1441 11 3
1441 12 4
1449 10 3
1449 11 4
1457 13 3
1457 10 4
1465 13 4
1467 3 2
1467 3 2
1479 3 2
1479 3 2
1495 8 4
1511 7 4
1527 12 4
1536 10 3
1536 11 4
1544 13 3
1544 10 4
1552 13 4
1552 3 2
1553 3 2
1554 3 2
1554 3 2
1556 3 2
1556 3 2
1565 3 2
1565 3 2
1575 3 2
1575 3 2
1585 3 2